1.2 10.0 2.0 0.0 0.0 0.537 0.843
1.2 15.0 2.0 0.0 0.0 0.537 0.843
1.2 20.0 2.0 0.0 0.0 0.537 0.843
1.2 25.0 2.0 0.0 0.0 0.537 0.843
1.2 30.0 2.0 0.0 0.0 0.537 0.843
1.2 35.0 2.0 0.0 0.0 0.537 0.843
1.2 40.0 2.0 0.0 0.0 0.537 0.843
1.2 45.0 2.0 0.0 0.0 0.537 0.843
1.2 50.0 2.0 0.0 0.0 0.537 0.843
0.0 50.0 2.0 0.0 0.0 1.0 0.0
-1.2 50.0 2.0 0.0 0.0 -0.843 0.537
-1.2 45.0 2.0 0.0 0.0 -0.843 0.537
-1.2 40.0 2.0 0.0 0.0 -0.843 0.537
-1.2 35.0 2.0 0.0 0.0 -0.843 0.537
-1.2 30.0 2.0 0.0 0.0 -0.843 0.537
-1.2 25.0 2.0 0.0 0.0 -0.843 0.537
-1.2 20.0 2.0 0.0 0.0 -0.843 0.537
-1.2 15.0 2.0 0.0 0.0 -0.843 0.537
-1.2 10.0 2.0 0.0 0.0 -0.843 0.537
1.2 10.0 3.0 0.0 0.0 0.537 0.843
1.2 15.0 3.0 0.0 0.0 0.537 0.843
1.2 20.0 3.0 0.0 0.0 0.537 0.843
1.2 25.0 3.0 0.0 0.0 0.537 0.843
1.2 30.0 3.0 0.0 0.0 0.537 0.843
1.2 35.0 3.0 0.0 0.0 0.537 0.843
1.2 40.0 3.0 0.0 0.0 0.537 0.843
1.2 45.0 3.0 0.0 0.0 0.537 0.843
1.2 50.0 3.0 0.0 0.0 0.537 0.843
0.0 50.0 3.0 0.0 0.0 1.0 0.0
-1.2 50.0 3.0 0.0 0.0 -0.843 0.537
-1.2 45.0 3.0 0.0 0.0 -0.843 0.537
-1.2 40.0 3.0 0.0 0.0 -0.843 0.537
-1.2 35.0 3.0 0.0 0.0 -0.843 0.537
-1.2 30.0 3.0 0.0 0.0 -0.843 0.537
-1.2 25.0 3.0 0.0 0.0 -0.843 0.537
-1.2 20.0 3.0 0.0 0.0 -0.843 0.537
-1.2 15.0 3.0 0.0 0.0 -0.843 0.537
-1.2 10.0 3.0 0.0 0.0 -0.843 0.537
