0.0 10.0 3.5 0.0 0.0 0.537 0.843
1.0 10.0 3.5 0.0 0.0 0.537 0.843
1.2 10.0 1.5 0.0 0.0 0.537 0.843
1.2 12.5 3.5 0.0 0.0 0.537 0.843
0.0 12.5 3.5 0.0 0.0 0.537 0.843
1.2 15.0 1.5 0.0 0.0 0.537 0.843
1.2 17.5 3.5 0.0 0.0 0.537 0.843
1.2 20.0 1.5 0.0 0.0 0.537 0.843
1.2 22.5 3.5 0.0 0.0 0.537 0.843
1.2 25.0 1.5 0.0 0.0 0.537 0.843
1.2 27.5 3.5 0.0 0.0 0.537 0.843
1.2 30.0 1.5 0.0 0.0 0.537 0.843
1.2 32.5 3.5 0.0 0.0 0.537 0.843
1.2 35.0 1.5 0.0 0.0 0.537 0.843
1.2 37.5 3.5 0.0 0.0 0.537 0.843
1.2 40.0 1.5 0.0 0.0 0.537 0.843
1.2 42.5 3.5 0.0 0.0 0.537 0.843
1.2 45.0 1.5 0.0 0.0 0.537 0.843
1.2 47.5 3.5 0.0 0.0 0.537 0.843
1.2 50.0 1.5 0.0 0.0 0.537 0.843
0.0 50.0 1.5 0.0 0.0 1.0 0.0
-1.2 50.0 1.5 0.0 0.0 -0.843 0.537
-1.2 47.5 3.5 0.0 0.0 -0.843 0.537
-1.2 45.0 1.5 0.0 0.0 -0.843 0.537
-1.2 42.5 3.5 0.0 0.0 -0.843 0.537
-1.2 40.0 1.5 0.0 0.0 -0.843 0.537
-1.2 37.5 3.5 0.0 0.0 -0.843 0.537
-1.2 35.0 1.5 0.0 0.0 -0.843 0.537
-1.2 32.5 3.5 0.0 0.0 -0.843 0.537
-1.2 30.0 1.5 0.0 0.0 -0.843 0.537
-1.2 27.5 3.5 0.0 0.0 -0.843 0.537
-1.2 25.0 1.5 0.0 0.0 -0.843 0.537
-1.2 22.5 3.5 0.0 0.0 -0.843 0.537
-1.2 20.0 1.5 0.0 0.0 -0.843 0.537
-1.2 17.5 3.5 0.0 0.0 -0.843 0.537
-1.2 15.0 1.5 0.0 0.0 -0.843 0.537
-1.2 12.5 3.5 0.0 0.0 -0.843 0.537
-1.2 10.0 1.5 0.0 0.0 -0.843 0.537